54273
50786
47383
48088
42497
48625
48083
58597
53996
42727
51398
41338
54225
46142
49899
47586
50030
40939
57297
48647
49731
50189
50529
35951
50694
49022
51520
48710
47711
50880
50932
57041
36461
52012
46026
42166
56362
44154
52858
43013
46279
47750
54441
50938
49829
67045
35676
41928
42135
38430
28458
50836
55269
47657
33259
64481
43964
42605
50625
42991
12076
54167
54143
29731
48538
49039
45914
41817
44333
20512
43194
53755
44543
53998
58153
37926
18413
51987
57622
28838
53017
44823
49487
38667
50949
38592
45725
44005
44456
38028
53754
37528
52792
45595
37392
52837
46171
41738
50647
57833
53616
55366
59931
60528
42653
9550
39835
48717
50245
49173
66765
41745
43846
38332
47675
38649
43142
55751
53464
50419
35056
17614
50957
49752
43907
47179
27104
45480
54857
52139
63049
44082
61016
57343
57625
48260
33063
56522
23489
46905
48411
40309
54049
44437
46460
52633
58065
51808
27342
53397
48377
39637
41673
51217
46765
43864
61387
63101
48567
64498
50773
46496
54351
56821
46047
61230
56446
51690
57835
58222
49340
51790
31720
63207
42159
49344
59704
47917
46544
31639
57523
57018
45319
28718
42963
47186
53933
49135
68775
47615
59348
38013
46392
58198
43383
54879
42776
65924
17079
42302
41116
57210
53940
52994
53876
41680
45182
34591
48853
53887
62125
46777
46930
43560
54413
58102
51525
27766
36690
48819
58355
44600
27881
37645
53367
51807
44267
49539
55776
41076
55107
39786
49150
47304
54684
