9550
12076
17079
17614
18413
20512
23489
27104
27342
27766
27881
28458
28718
28838
29731
31639
31720
33063
33259
34591
35056
35676
35951
36461
36690
37392
37528
37645
37926
38013
38028
38332
38430
38592
38649
38667
39637
39786
39835
40309
40939
41076
41116
41338
41673
41680
41738
41745
41817
41928
42135
42159
42166
42302
42497
42605
42653
42727
42776
42963
42991
43013
43142
43194
43383
43560
43846
43864
43907
43964
44005
44082
44154
44267
44333
44437
44456
44543
44600
44823
45182
45319
45480
45595
45725
45914
46026
46047
46142
46171
46279
46392
46460
46496
46544
46765
46777
46905
46930
47179
47186
47304
47383
47586
47615
47657
47675
47711
47750
47917
48083
48088
48260
48377
48411
48538
48567
48625
48647
48710
48717
48819
48853
49022
49039
49135
49150
49173
49340
49344
49487
49539
49731
49752
49829
49899
50030
50189
50245
50419
50529
50625
50647
50694
50773
50786
50836
50880
50932
50938
50949
50957
51217
51398
51520
51525
51690
51790
51807
51808
51987
52012
52139
52633
52792
52837
52858
52994
53017
53367
53397
53464
53616
53754
53755
53876
53887
53933
53940
53996
53998
54049
54143
54167
54225
54273
54351
54413
54441
54684
54857
54879
55107
55269
55366
55751
55776
56362
56446
56522
56821
57018
57041
57210
57297
57343
57523
57622
57625
57833
57835
58065
58102
58153
58198
58222
58355
58597
59348
59704
59931
60528
61016
61230
61387
62125
63049
63101
63207
64481
64498
65924
66765
67045
68775
